
321
529
964
1068
2061

491
1562
1565
1569
1601
2661

1961
1962
1963
1964
1965
1966
1968
1969
8965

6
7
9
161
761
762
763
764
765
766
767
768
769
1302
1309

151
153
159

661
662
663
664
669

261
263
264
269

52
53
54
673
1761
1769
1772
1773

63
64
731
732
739

561
562
568
569

291
292
299

191
199
1261
1262

251
362
364
365
366
368
369
891
892

1251
1255
1256
1257
1259
2261

8571
8572
8573
8574
8575
8576
8579

81
82
83
84
85
86
89

1671
1673
1674
1679

121
122
129

181
182
189
1481
2082
2084
2085
2089
3081

111
466
467
462
463
464
465
468
469

861
862
863
864
865
866
867
869

1462
1463
1464
1465
1466
1468
1469
2462
2464

1861
1866
1867
1869

472
473
479

1791
1794
1799

1972
1973
1974
1979

2371
2373
2379

371
374
379

973
974
975
979

1072
1074
1076
1079

3771
3773
3779
3791
3792

791
951
984
985
989

1981
1982
1989

1271
1272
1273
1279
2279

279
539
2273
2274
2276

171
173
175
178
179
874
875
876
1872
2571

71
73
79


781
782
783
789

881
882
2792
2799

880
883
884
885
886
887
888
889

1883
1885
1889

381
382
386
387
388
389

1782
1783
1789

1681
1689

481
482
489

281
1951
2051
2253
2582
2589

1181
1182
1183
1184
1189

583
681
1582
1584
1587
1589
2583
2586
2881
2982
2983

582
1585
2584


3611
3613
3614
3616
3619
3711

3841
4321
4415
4419
4512

3617
4521
4621
4629
4811

4171
4172
4173
4174
4179

4311
4318
4319
4611

4711
4713
4714
4719
4831

3411
4012
4014
4019
4112
4211
4671
4675

1672
3802
3809
3972
4622

4821
4822
4823
4829

4121
4129
4825

4722
4725
4728
4729

3021
3023
3029

3421
3422
3429

4021
4029

3035
3232
3234
3239

3071
3132
3139
3334
3431
3532
3631
3834
4238
4032
4331

3731
3732
3739
4224

3471
3922
3923
3924
3925
3928
3929

4631
4633
4634
4635
4639

3342
3343
3344
3347
3348
3349

3371
3933
3935
3936
3939

3033
3037
4539

3039
3235
4131
4232
4235
4237


91
1162
1163
1164
1165
1166
1168
1169
1501
3046

3981
3982
4381
4683
4689

4981
4982
4983
4984

2181
2361
2362
2363
2369
4482

3091
3093

3392
3393
3396
3397
3399
3581
4391
4586
5283
5285
5483
5485

1311
1312
1313
1314
1315
1319

1491
1494
1495
1499

1321
1322
1323
1329
1493

3761
4471
4474
4476
4477
4478

4571
4573
4574
4579

1401
1402
1403
1409
1431
1432
1433
3461

1191
1193
1621
1623
1624
1625
1626
1627
1628
1629

99
1091
1092

1093
1094
1095
1096
1097
1098
1099
1886

2852
2853
2859


4921
4922
4923
4924
4925
4929

4351
4352
4353
4359

5221
5229

5211
5212
5219
5231

4361
4801
4871
5241
5242
5362
5369

5721
5722
5729

3571
3572
3573
3579

4771
4772

5601
5609

5521
5522
5529
5551
